PMIDs
36567508
36549922
36548959
36544023
36618090
36522651
36520028
36351074
36543170
36477076
36475926
36493588
36461911
36416886
36408534
36408906
36351830
36350698
36352464
36347239
36321803
36395073
36384965
36318577
36316305
36361946
36305747
36302222
36306734
36301074
36271855
36268892
36309015
36266470
36264208
36270276
36241367
36414009
36216821
36217003
36154077
36200899
36198803
36175574
36171430
36169098
36129941
36174573
36161497
36131047
36140826
36115734
36070343
36095132
36070694
36064777
36057627
36054350
35972511
36328355
35920299
36038588
36001975
35981753
35978189
35953528
35947976
35927700
35955798
35918316
36016815
35926125
35914524
35896564
35879829
35879308
35866483
35864175
35868269
35858750
35863692
35822882
35817509
35771940
35835117
35789212
35775608
35806155
35732133
35703978
35750051
35744735
35688133
35653571
35700731
35522219
35653460
35654884
35652592
35656643
35638597
35637422
35624092
35636023
35663547
35576971
35578169
35600998
35553453
35615119
35597007
35601529
35513429
35613102
35477756
35442775
35451481
35446419
35446428
35449309
35440059
35440655
35428271
35421216
35479509
35416423
35385296
35389753
35395409
35383280
35357935
35357911
35357925
35357919
35363262
35357915
35358454
35367859
35361935
35361963
35349156
35354049
35347264
35324310
35319017
35294280
35314824
35306207
35263225
35275927
35277690
35290762
35256454
35256622
35239373
35245381
35239989
35235413
35232277
35212723
35197628
35273081
35194019
35193955
35180770
35177701
35177668
35145034
34957854
35165384
35144974
35137685
35133984
34935874
35123662
35108755
35082152
34561242
35094009
35077450
35046049
35064104
34995731
35081371
35040907
35017301
35040383
35025667
35022194
35015132
34996873
35021089
35017494
35013259
35018432
35234918
35068483
34980926
35195598
35037202
34890134
36128559
35832536
36726591
35813071
36684744
35037207
35037200
